This is an exaple file to test if the code works. Next to this will be some tests
Pi: 3.1415926535 8979323846 2643383279 5028841971 6939937510
  5820974944 5923078164 0628620899 8628034825 3421170679
  8214808651 3282306647 0938446095 5058223172 5359408128
  4811174502 8410270193 8521105559 6446229489 5493038196
  4428810975 6659334461 2847564823 3786783165 2712019091
  4564856692 3460348610 4543266482 1339360726 0249141273
  7245870066 0631558817 4881520920 9628292540 9171536436
  7892590360 0113305305 4882046652 1384146951 9415116094
  3305727036 5759591953 0921861173 8193261179 3105118548
  0744623799 6274956735 1885752724 8912279381 8301194912
sqrt2: 1.
4142135623 7309504880 1688724209 6980785696 7187537694 8073176679 7379907324 7846210703 8850387534 3276415727 3501384623 0912297024 9248360558 5073721264 4121497099 9358314132 2266592750 5592755799 9505011527 8206057147 0109559971 6059702745 3459686201 4728517418 6408891986 0955232923 0484308714 3214508397 6260362799 5251407989 6872533965 4633180882 9640620615 2583523950 5474575028 7759961729 8355752203 3753185701 1354374603 4084988471 6038689997 0699004815 0305440277 9031645424 7823068492 9369186215 8057846311 1596668713 0130156185 6898723723 5288509264 8612494977 1542183342 0428568606 0146824720 7714358548 7415565706 9677653720 2264854470 1585880162 0758474922 6572260020 8558446652 1458398893 9443709265 9180031138 8246468157 0826301005 9485870400 3186480342 1948972782 9064104507 2636881313 7398552561 1732204024 5091227700 2269411275 7362728049 5738108967 5040183698 6836845072 5799364729 0607629969 4138047565 4823728997 1803268024 7442062926 9124859052 1810044598 4215059112 0249441341 7285314781 0580360337 1077309182 8693147101 7111168391 6581726889 4197587165 8215212822 9518488472 0896946338 6289156288 2765952635 1405422676 5323969461 7511291602 4087155101 3515045538 1287560052 6314680171 2740265396 9470240300 5174953188 6292563138 5188163478 0015693691 7688185237 8684052287 8376293892 1430065586